File TOMP.M:
============

o1=[
  0.000000E+00  4.014142E-08  2.107546E-07  6.122118E-07  1.344870E-06
  2.509064E-06  4.205103E-06  6.533262E-06  9.593776E-06  1.348684E-05
  1.831258E-05  2.417109E-05  3.116238E-05  3.938640E-05  4.894303E-05
  5.993205E-05  7.245318E-05  8.660603E-05  1.024901E-04  1.202049E-04
  1.398500E-04  1.615248E-04  1.853301E-04  2.113686E-04  2.397509E-04
  2.706081E-04  3.041078E-04  3.404217E-04  3.796926E-04  4.220463E-04
  4.676016E-04  5.164745E-04  5.687802E-04  6.246328E-04  6.841461E-04
  7.474338E-04  8.146091E-04  8.857846E-04  9.610732E-04  1.040587E-03
  1.124438E-03  1.212737E-03  1.305596E-03  1.403126E-03  1.505436E-03
  1.612637E-03  1.724836E-03  1.842139E-03  1.964644E-03  2.092430E-03
  2.225522E-03  2.363864E-03  2.507401E-03  2.656157E-03  2.810192E-03
  2.969585E-03  3.134418E-03  3.304776E-03  3.480745E-03  3.662408E-03
  3.849852E-03  4.043160E-03  4.242417E-03  4.447708E-03  4.659115E-03
  4.876722E-03  5.100612E-03  5.330867E-03  5.567570E-03  5.810803E-03
  6.060647E-03  6.317186E-03  6.580505E-03  6.850696E-03  7.127874E-03
  7.412212E-03  7.703973E-03  8.003399E-03  8.310653E-03  8.625850E-03
  8.949090E-03  9.280465E-03  9.620066E-03  9.967980E-03  1.032430E-02
  1.068910E-02  1.106248E-02  1.144452E-02  1.183531E-02  1.223493E-02
  1.264346E-02  1.306098E-02  1.348759E-02  1.392335E-02  1.436836E-02
  1.482269E-02  1.528641E-02  1.575961E-02  1.624236E-02  1.673468E-02
  1.723660E-02  1.774802E-02  1.826889E-02  1.879922E-02  1.933906E-02
  1.988848E-02  2.044752E-02  2.101627E-02  2.159478E-02  2.218311E-02
  2.278134E-02  2.338952E-02  2.400772E-02  2.463600E-02  2.527442E-02
  2.592305E-02  2.658193E-02  2.725113E-02  2.793072E-02  2.862074E-02
  2.932126E-02  3.003234E-02  3.075403E-02  3.148639E-02  3.222950E-02
  3.298345E-02  3.374838E-02  3.452441E-02  3.531161E-02  3.611006E-02
  3.691980E-02  3.774090E-02  3.857340E-02  3.941735E-02  4.027280E-02
  4.113981E-02  4.201841E-02  4.290866E-02  4.381061E-02  4.472429E-02
  4.564976E-02  4.658705E-02  4.753621E-02  4.849729E-02  4.947032E-02
  5.045534E-02  5.145240E-02  5.246153E-02  5.348278E-02  5.451619E-02
  5.556180E-02  5.661969E-02  5.768990E-02  5.877248E-02  5.986746E-02
  6.097488E-02  6.209477E-02  6.322716E-02  6.437208E-02  6.552956E-02
  6.669963E-02  6.788231E-02  6.907764E-02  7.028564E-02  7.150633E-02
  7.273973E-02  7.398587E-02  7.524478E-02  7.651647E-02  7.780097E-02
  7.909828E-02  8.040843E-02  8.173145E-02  8.306733E-02  8.441608E-02
  8.577769E-02  8.715211E-02  8.853931E-02  8.993930E-02  9.135206E-02
  9.277762E-02  9.421598E-02  9.566715E-02  9.713114E-02  9.860796E-02
  1.000976E-01  1.016001E-01  1.031154E-01  1.046436E-01  1.061847E-01
  1.077386E-01  1.093053E-01  1.108849E-01  1.124774E-01  1.140827E-01
  1.157009E-01  1.173319E-01  1.189758E-01  1.206326E-01  1.223022E-01
  1.239847E-01  1.256803E-01  1.273888E-01  1.291105E-01  1.308452E-01
  1.325930E-01  1.343538E-01  1.361276E-01  1.379145E-01  1.397143E-01
  1.415272E-01  1.433530E-01  1.451917E-01  1.470434E-01  1.489080E-01
  1.507855E-01  1.526758E-01  1.545790E-01  1.564950E-01  1.584238E-01
  1.603653E-01  1.623196E-01  1.642866E-01  1.662663E-01  1.682585E-01
  1.702634E-01  1.722806E-01  1.743102E-01  1.763521E-01  1.784062E-01
  1.804726E-01  1.825511E-01  1.846418E-01  1.867446E-01  1.888594E-01
  1.909863E-01  1.931252E-01  1.952761E-01  1.974389E-01  1.996136E-01
  2.018001E-01  2.039985E-01  2.062086E-01  2.084304E-01  2.106640E-01
  2.129091E-01  2.151659E-01  2.174342E-01  2.197141E-01  2.220055E-01
  2.243085E-01  2.266233E-01  2.289499E-01  2.312883E-01  2.336386E-01
  2.360006E-01  2.383743E-01  2.407595E-01  2.431564E-01  2.455647E-01
  2.479844E-01  2.504155E-01  2.528578E-01  2.553114E-01  2.577761E-01
  2.602519E-01  2.627387E-01  2.652364E-01  2.677449E-01  2.702643E-01
  2.727943E-01  2.753349E-01  2.778861E-01  2.804475E-01  2.830190E-01
  2.856000E-01  2.881894E-01  2.907870E-01  2.933922E-01  2.960052E-01
  2.986257E-01  3.012539E-01  3.038895E-01  3.065327E-01  3.091834E-01
  3.118415E-01  3.145070E-01  3.171799E-01  3.198602E-01  3.225477E-01
  3.252426E-01  3.279447E-01  3.306540E-01  3.333706E-01  3.360943E-01
  3.388250E-01  3.415629E-01  3.443078E-01  3.470595E-01  3.498177E-01
  3.525817E-01  3.553503E-01  3.581231E-01  3.608996E-01  3.636799E-01
  3.664639E-01  3.692515E-01  3.720429E-01  3.748379E-01  3.776366E-01
  3.804390E-01  3.832452E-01  3.860550E-01  3.888685E-01  3.916858E-01
  3.945068E-01  3.973314E-01  4.001598E-01  4.029920E-01  4.058278E-01
  4.086674E-01  4.115108E-01  4.143579E-01  4.172089E-01  4.200638E-01
  4.229231E-01  4.257872E-01  4.286565E-01  4.315310E-01  4.344107E-01
  4.372958E-01  4.401861E-01  4.430816E-01  4.459825E-01  4.488886E-01
  4.518000E-01  4.547166E-01  4.576384E-01  4.605655E-01  4.634978E-01
  4.664353E-01  4.693781E-01  4.723261E-01  4.752792E-01  4.782376E-01
  4.812011E-01  4.841698E-01  4.871437E-01  4.901226E-01  4.931065E-01
  4.960949E-01  4.990874E-01  5.020837E-01  5.050837E-01  5.080873E-01
  5.110946E-01  5.141055E-01  5.171201E-01  5.201383E-01  5.231602E-01
  5.261858E-01  5.292150E-01  5.322479E-01  5.352845E-01  5.383247E-01
  5.413686E-01  5.444162E-01  5.474675E-01  5.505224E-01  5.535811E-01
  5.566435E-01  5.597095E-01  5.627794E-01  5.658531E-01  5.689307E-01
  5.720129E-01  5.751002E-01  5.781929E-01  5.812911E-01  5.843948E-01
  5.875041E-01  5.906190E-01  5.937394E-01  5.968654E-01  5.999969E-01
  6.031339E-01  6.062765E-01  6.094245E-01  6.125781E-01  6.157371E-01
  6.189017E-01  6.220717E-01  6.252472E-01  6.284281E-01  6.316145E-01
  6.348064E-01  6.380037E-01  6.412065E-01  6.444151E-01  6.476297E-01
  6.508516E-01  6.540819E-01  6.573213E-01  6.605698E-01  6.638277E-01
  6.670946E-01  6.703706E-01  6.736556E-01  6.769494E-01  6.802521E-01
  6.835634E-01  6.868833E-01  6.902118E-01  6.935486E-01  6.968936E-01
  7.002469E-01  7.036083E-01  7.069776E-01  7.103548E-01  7.137398E-01
  7.171325E-01  7.205327E-01  7.239404E-01  7.273554E-01  7.307774E-01
  7.342062E-01  7.376414E-01  7.410828E-01  7.445302E-01  7.479836E-01
  7.514428E-01  7.549080E-01  7.583787E-01  7.618552E-01  7.653373E-01
  7.688249E-01  7.723179E-01  7.758163E-01  7.793200E-01  7.828289E-01
  7.863430E-01  7.898621E-01  7.933862E-01  7.969152E-01  8.004491E-01
  8.039878E-01  8.075312E-01  8.110791E-01  8.146316E-01  8.181887E-01
  8.217502E-01  8.253161E-01  8.288864E-01  8.324611E-01  8.360400E-01
  8.396230E-01  8.432100E-01  8.468010E-01  8.503959E-01  8.539946E-01
  8.575969E-01  8.612029E-01  8.648124E-01  8.684253E-01  8.720415E-01
  8.756610E-01  8.792837E-01  8.829094E-01  8.865380E-01  8.901696E-01
  8.938039E-01  8.974410E-01  9.010806E-01  9.047228E-01  9.083674E-01
  9.120143E-01  9.156635E-01  9.193148E-01  9.229681E-01  9.266235E-01
  9.302807E-01  9.339398E-01  9.376004E-01  9.412627E-01  9.449265E-01
  9.485917E-01  9.522582E-01  9.559259E-01  9.595948E-01  9.632648E-01
  9.669356E-01  9.706074E-01  9.742799E-01  9.779530E-01  9.816267E-01
  9.853010E-01  9.889756E-01  9.926505E-01  9.963256E-01  1.000001E+00
]';
x1=o1(:);
